-2.490426296045828281e+01
2.017813753686450440e+01
2.249946004189536382e+02
9.820485874211945543e+01
-4.129636206656493300e+02
4.426143148877035856e+02
-1.712249675512326519e+02
-2.227747555863377897e+02
2.633368446919482085e+04
2.112700699477025523e+01
6.740934462864539967e+01
1.076121358168160214e+02
6.536954167790568704e+01
-9.649140433326422794e+00
1.468789356774210546e+02
4.252086107947903884e+02
1.774759496619756192e+02
-6.949300525573073628e+01
6.802253640785496600e+02
8.068397366568660800e+02
4.714978960999075497e+01
-1.580698230445545391e+02
-9.422084493324678078e+01
-1.629704808108191401e+02
-8.059253976285393151e+01
5.183338465514090103e+02
-5.088733916709574032e+02
1.666765726155728373e+02
-6.698880349996431960e+01
-3.548211671116060018e+01
5.605731135697972434e+01
8.293999526937925282e+01
9.662367363978343349e+01
1.031865104351568192e+02
-1.264863394724188197e+02
1.060114213661365454e+02
1.431186275827799932e+02
-1.330466930100010359e+02
-6.841356613465302416e+01
2.318844724212517576e+02
1.396362546999876031e+01
8.214916948765375082e+01
1.666276784097700556e+02
1.620881378087022995e+02
1.752568066209329913e+02
1.523406129797632218e+02
-1.152989514146907197e+02
3.701707951217470054e+02
-1.293430185532329233e+03
2.745769798154551609e+02
-6.019038084295247870e+01
-2.214735394272618407e+01
1.974125374229233501e+02
2.129927095166436146e+01
-1.271174476384391028e+01
1.253919469470498740e+02
6.481559056648217847e+03
1.964592352278126697e+01
7.028280794306337498e+01
1.032059398167519646e+02
2.526711882422897304e+02
1.864998771712910184e+02
3.305114043432489268e+00
4.490829266773978645e+01
-3.780493896545036137e+01
1.018577944019508834e+02
1.800405936092892745e+01
-3.009640101172394679e+02
1.287194162143919129e+02
-1.232378912754171836e+02
8.996737950218951596e+01
1.034488356928068242e+02
6.478742313063186486e+01
1.306553885915028559e+02
-1.046011163303317915e+02
2.290605622025870161e+03
1.176594394626948770e+02
3.446302431034170866e+01
3.956432857674332126e+01
8.231501637867893351e+00
9.756065936139394523e+01
-5.662911897038966913e+00
-4.663139823837363451e+01
-2.026366281416213724e+02
2.994098883360262562e+02
9.763299499859743946e+01
1.135847483166756433e+01
-1.630163527360144826e+03
-5.334596859504196686e+01
-1.953628992943506546e+02
1.224905838759223798e+03
1.365987775561616763e+04
5.515743003930213462e+01
-8.388192359351858158e+02
2.181867735556268713e+02
-1.139225503771402259e+01
1.215802420174047143e+02
-7.100173182916131509e+01
5.794403770614252380e+00
-5.861105483094316924e+02
